9.14951e+06 271
9.21851e+06 917
9.29348e+06 6
9.32478e+06 706
9.34427e+06 417
9.36974e+06 156
9.3851e+06 97
9.38595e+06 778
9.38643e+06 403
9.39273e+06 248
9.39376e+06 92
9.39627e+06 968
9.40373e+06 916
9.4043e+06 225
9.41101e+06 886
9.41918e+06 346
9.42408e+06 178
9.42964e+06 306
9.43014e+06 588
9.43108e+06 936
9.43118e+06 445
9.43298e+06 71
9.4332e+06 64
9.43323e+06 540
9.43346e+06 685
9.4339e+06 999
9.43434e+06 907
9.43466e+06 769
9.43561e+06 334
9.44047e+06 125
9.44262e+06 868
9.44266e+06 681
9.44282e+06 867
9.4431e+06 531
9.44579e+06 476
9.44585e+06 861
9.44622e+06 313
9.44987e+06 66
9.45003e+06 607
9.45142e+06 494
9.45332e+06 44
9.45389e+06 478
9.45843e+06 103
9.45871e+06 811
9.45967e+06 630
9.45999e+06 707
9.46115e+06 293
9.46121e+06 148
9.46199e+06 365
9.46239e+06 145
9.46319e+06 575
9.46352e+06 195
9.46397e+06 448
9.46451e+06 0
9.46478e+06 427
9.46582e+06 430
9.46649e+06 315
9.46782e+06 194
9.46882e+06 336
9.46994e+06 35
9.47003e+06 207
9.47111e+06 196
9.47129e+06 268
9.47226e+06 172
9.47273e+06 915
9.47299e+06 167
9.47382e+06 298
9.47426e+06 242
9.47455e+06 942
9.47595e+06 140
9.47689e+06 931
9.47709e+06 359
9.47769e+06 702
9.47839e+06 704
9.4814e+06 423
9.48155e+06 201
9.48229e+06 751
9.48271e+06 200
9.48282e+06 676
9.4833e+06 692
9.48335e+06 803
9.48436e+06 884
9.4858e+06 525
9.48586e+06 174
9.4868e+06 502
9.48731e+06 684
9.48735e+06 258
9.48762e+06 566
9.48785e+06 875
9.48787e+06 764
9.48821e+06 99
9.48825e+06 144
9.48834e+06 126
9.4894e+06 939
9.49257e+06 387
9.49475e+06 380
9.49505e+06 507
9.49512e+06 894
9.49538e+06 632
9.49612e+06 680
9.49723e+06 409
9.50197e+06 947
9.50218e+06 804
9.50269e+06 91
9.503e+06 956
9.50324e+06 185
9.50344e+06 425
9.50358e+06 169
9.50403e+06 660
9.505e+06 254
9.50633e+06 573
9.50679e+06 689
9.50789e+06 214
9.50791e+06 634
9.50864e+06 84
9.50886e+06 771
9.50888e+06 694
9.50944e+06 776
9.5104e+06 460
9.51151e+06 256
9.51241e+06 396
9.51272e+06 314
9.51385e+06 891
9.51483e+06 26
9.51509e+06 354
9.51699e+06 848
9.51714e+06 812
9.51757e+06 889
9.51775e+06 914
9.51913e+06 518
9.51914e+06 869
9.5197e+06 802
9.52004e+06 292
9.52153e+06 361
9.52173e+06 29
9.52176e+06 935
9.52181e+06 963
9.52191e+06 348
9.52191e+06 905
9.52204e+06 482
9.52281e+06 559
9.52303e+06 716
9.52315e+06 627
9.52317e+06 819
9.52322e+06 239
9.52329e+06 372
9.52371e+06 82
9.52381e+06 902
9.524e+06 252
9.52403e+06 280
9.52489e+06 284
9.52502e+06 421
9.52514e+06 117
9.52546e+06 570
9.52547e+06 129
9.52633e+06 925
9.5264e+06 515
9.52649e+06 866
9.52678e+06 320
9.52823e+06 523
9.52938e+06 720
9.52958e+06 513
9.52977e+06 295
9.53013e+06 212
9.53024e+06 466
9.53048e+06 893
9.5307e+06 22
9.53078e+06 724
9.53232e+06 368
9.53256e+06 948
9.53334e+06 79
9.53357e+06 458
9.53375e+06 504
9.53433e+06 815
9.53437e+06 230
9.53449e+06 982
9.5357e+06 438
9.53612e+06 294
9.53686e+06 542
9.53716e+06 899
9.53787e+06 501
9.53804e+06 216
9.53825e+06 110
9.53901e+06 221
9.53957e+06 45
9.54005e+06 959
9.54009e+06 522
9.54039e+06 741
9.54045e+06 715
9.54096e+06 166
9.54108e+06 962
9.54234e+06 3
9.54266e+06 325
9.54385e+06 483
9.54393e+06 814
9.54406e+06 640
9.54408e+06 419
9.54446e+06 356
9.54465e+06 798
9.5448e+06 7
9.54511e+06 896
9.54512e+06 661
9.5463e+06 358
9.54681e+06 461
9.54727e+06 711
9.54731e+06 577
9.54816e+06 655
9.54844e+06 728
9.54921e+06 237
9.5497e+06 923
9.54976e+06 548
9.54997e+06 810
9.55071e+06 927
9.55115e+06 65
9.55125e+06 786
9.55162e+06 297
9.55364e+06 180
9.55424e+06 543
9.55435e+06 322
9.55436e+06 940
9.55461e+06 301
9.55622e+06 102
9.55637e+06 796
9.55688e+06 626
9.55932e+06 27
9.55998e+06 135
9.56031e+06 937
9.5605e+06 897
9.5606e+06 58
9.56221e+06 441
9.56279e+06 666
9.56308e+06 719
9.5631e+06 118
9.56321e+06 932
9.56468e+06 673
9.56536e+06 422
9.56558e+06 116
9.56639e+06 863
9.56688e+06 898
9.56713e+06 104
9.5677e+06 94
9.56781e+06 226
9.56821e+06 833
9.56874e+06 228
9.56893e+06 364
9.56916e+06 400
9.56982e+06 492
9.57005e+06 205
9.57026e+06 857
9.57047e+06 770
9.57051e+06 439
9.57074e+06 647
9.57078e+06 154
9.57082e+06 153
9.57087e+06 703
9.57096e+06 328
9.57141e+06 489
9.57158e+06 993
9.57182e+06 15
9.57258e+06 308
9.5736e+06 232
9.57403e+06 147
9.57456e+06 491
9.57458e+06 481
9.57496e+06 485
9.57509e+06 371
9.57566e+06 319
9.57593e+06 34
9.57649e+06 599
9.57811e+06 50
9.57851e+06 329
9.57897e+06 528
9.57934e+06 900
9.57935e+06 781
9.57937e+06 413
9.57957e+06 723
9.57972e+06 363
9.58027e+06 161
9.58028e+06 332
9.58071e+06 404
9.58077e+06 38
9.58122e+06 817
9.58338e+06 924
9.58403e+06 19
9.58406e+06 831
9.58408e+06 539
9.58486e+06 529
9.58487e+06 123
9.58535e+06 316
9.5855e+06 114
9.58584e+06 885
9.58605e+06 435
9.58616e+06 758
9.5863e+06 133
9.58649e+06 576
9.58693e+06 318
9.58713e+06 449
9.58756e+06 912
9.58887e+06 964
9.58919e+06 30
9.59065e+06 534
9.5911e+06 80
9.59116e+06 347
9.59217e+06 251
9.59234e+06 561
9.59249e+06 381
9.59274e+06 695
9.59294e+06 393
9.59321e+06 93
9.59352e+06 708
9.59394e+06 486
9.59422e+06 713
9.59548e+06 662
9.59597e+06 487
9.59613e+06 10
9.59627e+06 562
9.59637e+06 730
9.59667e+06 351
9.59669e+06 975
9.59698e+06 33
9.59711e+06 193
9.59738e+06 520
9.59848e+06 659
9.59848e+06 638
9.5992e+06 47
9.59995e+06 210
9.6006e+06 732
9.60118e+06 568
9.60169e+06 474
9.60184e+06 846
9.6019e+06 941
9.60209e+06 516
9.60283e+06 971
9.6029e+06 847
9.60353e+06 958
9.60372e+06 401
9.60458e+06 20
9.60575e+06 984
9.60644e+06 270
9.60648e+06 215
9.60685e+06 606
9.60744e+06 269
9.60768e+06 822
9.60777e+06 841
9.60879e+06 755
9.61046e+06 671
9.61052e+06 106
9.61056e+06 467
9.61075e+06 136
9.61151e+06 535
9.61377e+06 244
9.61403e+06 844
9.61425e+06 595
9.61447e+06 870
9.61497e+06 738
9.61499e+06 752
9.61555e+06 21
9.61567e+06 622
9.61643e+06 583
9.61676e+06 871
9.61688e+06 262
9.6172e+06 446
9.61732e+06 276
9.6175e+06 564
9.61767e+06 642
9.61861e+06 42
9.6194e+06 411
9.62029e+06 553
9.62133e+06 920
9.62183e+06 795
9.62263e+06 768
9.62287e+06 610
9.62462e+06 665
9.62464e+06 988
9.62469e+06 506
9.62504e+06 186
9.62563e+06 493
9.6257e+06 324
9.62576e+06 307
9.6264e+06 405
9.62658e+06 450
9.62681e+06 679
9.62761e+06 635
9.62899e+06 265
9.62926e+06 152
9.62973e+06 431
9.62985e+06 434
9.63048e+06 664
9.63161e+06 209
9.63165e+06 521
9.63173e+06 455
9.63191e+06 253
9.63203e+06 457
9.63211e+06 637
9.63245e+06 753
9.63266e+06 394
9.63283e+06 514
9.63386e+06 550
9.63448e+06 667
9.63505e+06 856
9.63524e+06 745
9.63544e+06 763
9.63554e+06 333
9.63558e+06 952
9.63686e+06 274
9.63695e+06 326
9.63729e+06 85
9.6375e+06 130
9.63751e+06 910
9.63767e+06 519
9.63767e+06 813
9.63824e+06 95
9.63833e+06 190
9.63847e+06 930
9.63857e+06 625
9.6386e+06 247
9.63933e+06 428
9.6399e+06 74
9.64064e+06 341
9.64083e+06 541
9.64084e+06 399
9.64132e+06 388
9.64201e+06 717
9.6422e+06 127
9.64238e+06 208
9.64248e+06 943
9.64258e+06 327
9.6437e+06 855
9.6443e+06 132
9.64505e+06 142
9.64508e+06 490
9.64516e+06 526
9.64618e+06 909
9.64719e+06 579
9.64744e+06 181
9.64906e+06 469
9.6491e+06 783
9.64935e+06 323
9.64942e+06 571
9.64957e+06 954
9.64959e+06 496
9.64993e+06 657
9.65034e+06 908
9.65083e+06 53
9.65182e+06 339
9.65183e+06 73
9.65194e+06 353
9.65206e+06 442
9.65246e+06 289
9.65351e+06 128
9.65424e+06 36
9.65453e+06 473
9.6551e+06 904
9.65558e+06 639
9.65571e+06 184
9.65681e+06 432
9.65803e+06 279
9.65843e+06 305
9.65922e+06 338
9.65966e+06 911
9.65977e+06 712
9.66008e+06 500
9.66074e+06 137
9.66205e+06 978
9.66249e+06 880
9.66426e+06 653
9.6653e+06 168
9.66676e+06 311
9.66688e+06 111
9.66828e+06 49
9.66872e+06 663
9.66885e+06 70
9.66889e+06 171
9.66958e+06 406
9.66965e+06 735
9.66985e+06 527
9.66991e+06 437
9.66994e+06 767
9.6703e+06 749
9.67072e+06 710
9.6709e+06 299
9.67149e+06 555
9.67162e+06 300
9.6719e+06 310
9.67215e+06 87
9.67241e+06 967
9.67277e+06 231
9.67364e+06 303
9.67455e+06 989
9.67515e+06 872
9.67516e+06 766
9.67545e+06 249
9.6768e+06 187
9.67737e+06 264
9.67803e+06 938
9.67837e+06 357
9.67888e+06 54
9.67946e+06 436
9.6797e+06 176
9.67983e+06 32
9.68018e+06 725
9.6817e+06 556
9.68229e+06 690
9.68242e+06 495
9.6831e+06 255
9.68326e+06 843
9.68432e+06 149
9.68448e+06 827
9.68481e+06 241
9.68531e+06 113
9.68592e+06 799
9.68647e+06 790
9.68709e+06 614
9.68772e+06 873
9.68918e+06 926
9.69029e+06 374
9.69061e+06 4
9.691e+06 709
9.69113e+06 52
9.69114e+06 536
9.69154e+06 987
9.69211e+06 613
9.69306e+06 238
9.6934e+06 96
9.69341e+06 816
9.69481e+06 191
9.69529e+06 360
9.69559e+06 384
9.69608e+06 234
9.69644e+06 594
9.69664e+06 565
9.69741e+06 90
9.69811e+06 229
9.69817e+06 285
9.69899e+06 792
9.70121e+06 77
9.70177e+06 658
9.70256e+06 604
9.7031e+06 76
9.7034e+06 853
9.70341e+06 124
9.7035e+06 277
9.70387e+06 444
9.70463e+06 222
9.7054e+06 623
9.70573e+06 985
9.70594e+06 646
9.70603e+06 370
9.70695e+06 791
9.70771e+06 549
9.70955e+06 8
9.70985e+06 160
9.71016e+06 973
9.71033e+06 395
9.71107e+06 288
9.71162e+06 834
9.7128e+06 37
9.7129e+06 851
9.71303e+06 243
9.71381e+06 584
9.71458e+06 418
9.71509e+06 349
9.71554e+06 57
9.71592e+06 151
9.71675e+06 367
9.71816e+06 18
9.71878e+06 649
9.7192e+06 119
9.7197e+06 391
9.72006e+06 823
9.7201e+06 188
9.72129e+06 383
9.72156e+06 24
9.72232e+06 424
9.72249e+06 951
9.72288e+06 589
9.72293e+06 624
9.72374e+06 530
9.72385e+06 420
9.72389e+06 233
9.72427e+06 895
9.72473e+06 451
9.72658e+06 580
9.72778e+06 686
9.72883e+06 830
9.72887e+06 965
9.72897e+06 585
9.729e+06 789
9.7299e+06 158
9.73039e+06 14
9.73117e+06 933
9.73119e+06 557
9.73146e+06 608
9.73167e+06 722
9.73228e+06 206
9.73235e+06 462
9.73262e+06 459
9.73326e+06 928
9.7337e+06 946
9.73395e+06 309
9.73447e+06 808
9.73469e+06 17
9.73494e+06 81
9.73512e+06 616
9.7352e+06 784
9.73575e+06 131
9.73651e+06 617
9.73659e+06 56
9.73684e+06 794
9.73714e+06 547
9.73791e+06 648
9.73811e+06 355
9.73814e+06 331
9.73904e+06 733
9.7391e+06 727
9.73957e+06 28
9.73975e+06 488
9.74026e+06 837
9.74029e+06 697
9.74049e+06 737
9.7408e+06 340
9.74117e+06 976
9.74202e+06 760
9.74207e+06 574
9.74306e+06 213
9.74366e+06 386
9.74427e+06 177
9.7444e+06 633
9.74666e+06 860
9.74789e+06 773
9.74829e+06 138
9.74918e+06 558
9.74931e+06 974
9.74965e+06 838
9.74991e+06 835
9.75032e+06 475
9.75059e+06 143
9.75082e+06 882
9.75195e+06 41
9.75202e+06 538
9.75266e+06 809
9.75363e+06 67
9.75374e+06 109
9.75429e+06 883
9.75694e+06 678
9.75728e+06 960
9.75758e+06 986
9.75774e+06 998
9.7578e+06 829
9.7584e+06 246
9.75872e+06 392
9.75886e+06 508
9.76024e+06 849
9.7606e+06 509
9.7622e+06 677
9.7624e+06 48
9.76244e+06 416
9.76282e+06 552
9.7633e+06 774
9.76486e+06 198
9.7649e+06 304
9.76592e+06 619
9.76661e+06 578
9.76765e+06 645
9.77087e+06 68
9.77088e+06 980
9.77177e+06 480
9.7725e+06 484
9.77291e+06 375
9.77388e+06 510
9.77406e+06 913
9.77497e+06 83
9.77508e+06 447
9.77562e+06 628
9.77577e+06 693
9.77791e+06 598
9.77797e+06 582
9.77882e+06 218
9.77894e+06 785
9.77995e+06 581
9.78002e+06 761
9.78017e+06 498
9.78067e+06 31
9.78124e+06 25
9.78131e+06 969
9.78312e+06 687
9.78328e+06 9
9.78376e+06 23
9.78393e+06 517
9.78498e+06 563
9.7858e+06 63
9.78687e+06 590
9.78698e+06 696
9.78716e+06 78
9.78717e+06 266
9.78749e+06 881
9.78786e+06 75
9.78878e+06 12
9.78887e+06 821
9.78982e+06 452
9.78998e+06 107
9.7913e+06 224
9.7915e+06 754
9.79209e+06 250
9.79212e+06 429
9.79276e+06 736
9.79283e+06 818
9.79287e+06 977
9.79304e+06 569
9.79362e+06 800
9.79382e+06 330
9.79418e+06 296
9.79421e+06 62
9.79484e+06 150
9.79499e+06 596
9.79576e+06 601
9.79638e+06 826
9.79675e+06 762
9.79746e+06 337
9.79783e+06 656
9.798e+06 412
9.79822e+06 46
9.79845e+06 996
9.79878e+06 115
9.80003e+06 470
9.8033e+06 990
9.80354e+06 89
9.80383e+06 995
9.804e+06 824
9.80411e+06 572
9.80472e+06 546
9.80478e+06 779
9.80484e+06 410
9.80558e+06 366
9.80606e+06 721
9.80632e+06 726
9.80654e+06 463
9.80676e+06 378
9.8071e+06 86
9.80846e+06 287
9.80863e+06 602
9.80934e+06 453
9.80993e+06 532
9.81061e+06 471
9.8107e+06 175
9.81105e+06 497
9.81209e+06 220
9.81239e+06 820
9.81337e+06 997
9.81348e+06 379
9.81354e+06 524
9.81388e+06 739
9.81417e+06 945
9.81529e+06 688
9.81588e+06 108
9.81692e+06 163
9.81694e+06 499
9.8188e+06 245
9.81939e+06 2
9.82076e+06 385
9.82129e+06 551
9.8218e+06 983
9.82344e+06 376
9.8254e+06 888
9.82556e+06 373
9.82594e+06 122
9.82655e+06 859
9.82688e+06 389
9.8296e+06 950
9.83002e+06 443
9.83084e+06 777
9.83163e+06 772
9.83316e+06 157
9.83333e+06 605
9.83347e+06 874
9.83415e+06 621
9.83537e+06 219
9.8362e+06 839
9.83668e+06 961
9.8379e+06 259
9.83799e+06 765
9.83819e+06 836
9.83844e+06 953
9.83873e+06 159
9.83883e+06 991
9.8409e+06 862
9.84103e+06 807
9.84181e+06 343
9.84194e+06 845
9.84251e+06 98
9.84272e+06 335
9.84316e+06 1
9.84368e+06 223
9.84398e+06 236
9.84635e+06 554
9.84649e+06 744
9.84732e+06 840
9.84736e+06 890
9.84823e+06 620
9.84827e+06 503
9.84935e+06 742
9.84971e+06 101
9.85002e+06 699
9.85104e+06 801
9.85113e+06 472
9.85144e+06 759
9.85149e+06 369
9.85152e+06 592
9.85215e+06 587
9.85241e+06 636
9.8534e+06 39
9.85346e+06 683
9.85353e+06 211
9.85437e+06 407
9.85544e+06 352
9.85562e+06 567
9.85566e+06 670
9.8564e+06 465
9.85662e+06 944
9.85678e+06 842
9.85687e+06 273
9.85746e+06 970
9.85766e+06 629
9.85861e+06 714
9.85878e+06 780
9.8599e+06 949
9.86052e+06 878
9.86175e+06 59
9.86208e+06 603
9.86258e+06 615
9.86407e+06 55
9.86472e+06 966
9.86505e+06 317
9.8651e+06 120
9.86557e+06 858
9.86592e+06 272
9.86622e+06 267
9.86641e+06 257
9.86658e+06 668
9.86729e+06 61
9.86767e+06 934
9.86797e+06 261
9.87098e+06 278
9.87134e+06 290
9.87185e+06 797
9.872e+06 644
9.87277e+06 955
9.87284e+06 825
9.87552e+06 468
9.87662e+06 674
9.87696e+06 698
9.87719e+06 88
9.87723e+06 164
9.87753e+06 775
9.87794e+06 408
9.87797e+06 342
9.87876e+06 919
9.87981e+06 591
9.88213e+06 321
9.88249e+06 426
9.88285e+06 477
9.88376e+06 757
9.88483e+06 240
9.88488e+06 100
9.88497e+06 743
9.88756e+06 700
9.88815e+06 16
9.88897e+06 43
9.88927e+06 929
9.88958e+06 60
9.89064e+06 189
9.89093e+06 832
9.89129e+06 731
9.89189e+06 197
9.89229e+06 854
9.89485e+06 597
9.8956e+06 729
9.89611e+06 204
9.89617e+06 235
9.89632e+06 260
9.89832e+06 505
9.89888e+06 906
9.89932e+06 922
9.89939e+06 72
9.89993e+06 202
9.90102e+06 121
9.90226e+06 40
9.90301e+06 877
9.90326e+06 454
9.90445e+06 302
9.90483e+06 165
9.90561e+06 134
9.90588e+06 879
9.907e+06 650
9.90778e+06 675
9.90814e+06 179
9.90852e+06 643
9.90877e+06 112
9.9097e+06 918
9.9105e+06 227
9.91106e+06 586
9.91107e+06 275
9.91162e+06 362
9.91462e+06 651
9.91579e+06 440
9.91685e+06 511
9.91757e+06 600
9.9177e+06 756
9.918e+06 533
9.91813e+06 390
9.9188e+06 162
9.91967e+06 479
9.91995e+06 464
9.92026e+06 876
9.92064e+06 146
9.92347e+06 865
9.92456e+06 402
9.92497e+06 105
9.92682e+06 828
9.92706e+06 155
9.92723e+06 682
9.92769e+06 312
9.92836e+06 544
9.92851e+06 747
9.92891e+06 892
9.92915e+06 13
9.93112e+06 593
9.93122e+06 631
9.93206e+06 382
9.93283e+06 641
9.93373e+06 203
9.93402e+06 793
9.93523e+06 981
9.93529e+06 972
9.93542e+06 669
9.93546e+06 282
9.93558e+06 281
9.93591e+06 740
9.93629e+06 377
9.93647e+06 805
9.93772e+06 994
9.9385e+06 141
9.9401e+06 11
9.94129e+06 734
9.94352e+06 992
9.94598e+06 545
9.9479e+06 414
9.94813e+06 69
9.94855e+06 345
9.94864e+06 901
9.94874e+06 718
9.94967e+06 850
9.95182e+06 560
9.9525e+06 456
9.95266e+06 51
9.95308e+06 612
9.95393e+06 139
9.95414e+06 199
9.95583e+06 192
9.95611e+06 750
9.95615e+06 173
9.95648e+06 170
9.95651e+06 672
9.95699e+06 691
9.9574e+06 611
9.95785e+06 788
9.96008e+06 618
9.96056e+06 701
9.96062e+06 979
9.96188e+06 291
9.96314e+06 787
9.96321e+06 864
9.96332e+06 652
9.96349e+06 344
9.9666e+06 283
9.96817e+06 887
9.96912e+06 183
9.97004e+06 512
9.9724e+06 182
9.97342e+06 415
9.97365e+06 748
9.97382e+06 806
9.97527e+06 286
9.97612e+06 921
9.97677e+06 263
9.97732e+06 705
9.97769e+06 957
9.97924e+06 433
9.97948e+06 397
9.98106e+06 350
9.98108e+06 5
9.98194e+06 217
9.98221e+06 537

9.98221e+06 537
